-3.141592653589793116
-3.015928947446201214
-2.890265241302609756
-2.764601535159017853
-2.638937829015426395
-2.513274122871834493
-2.387610416728242591
-2.261946710584650688
-2.136283004441059230
-2.010619298297467772
-1.884955592153875870
-1.759291886010283967
-1.633628179866692287
-1.507964473723100607
-1.382300767579508705
-1.256637061435917024
-1.130973355292325344
-1.005309649148733442
-0.879645943005141984
-0.753982236861550081
-0.628318530717958623
-0.502654824574366721
-0.376991118430774819
-0.251327412287183360
-0.125663706143591458
0.000000000000000444
0.125663706143591902
0.251327412287183805
0.376991118430775707
0.502654824574367165
0.628318530717959067
0.753982236861550525
0.879645943005142428
1.005309649148734330
1.130973355292326232
1.256637061435917246
1.382300767579509149
1.507964473723101051
1.633628179866692953
1.759291886010284856
1.884955592153875870
2.010619298297467772
2.136283004441059674
2.261946710584651576
2.387610416728243479
2.513274122871835381
2.638937829015426395
2.764601535159018297
2.890265241302610200
3.015928947446202102
3.141592653589794004
