0.532499999999999973
0.554999999999999938
0.577500000000000013
0.599999999999999978
0.622499999999999942
0.645000000000000018
0.667499999999999982
0.689999999999999947
0.712499999999999911
0.734999999999999987
0.757499999999999951
0.780000000000000027
0.802499999999999991
0.824999999999999956
0.847499999999999920
0.869999999999999996
0.892499999999999960
0.915000000000000036
0.937500000000000000
0.959999999999999964
0.982499999999999929
1.004999999999999893
1.027499999999999858
1.049999999999999822
1.072500000000000009
1.094999999999999973
1.117499999999999938
1.140000000000000124
1.162500000000000089
1.185000000000000053
1.207500000000000018
1.229999999999999982
1.252499999999999947
1.274999999999999911
1.297499999999999876
1.319999999999999840
1.342499999999999805
1.364999999999999991
1.387499999999999956
1.409999999999999920
1.432500000000000107
1.455000000000000071
1.477500000000000036
1.500000000000000000
1.522499999999999964
1.544999999999999929
1.567499999999999893
