1.375796326794896718
1.390796326794896620
1.405796326794896745
1.420796326794896647
1.435796326794896549
1.450796326794896673
1.465796326794896576
1.480796326794896700
1.495796326794896602
1.510796326794896727
1.525796326794896629
1.540796326794896753
1.555796326794896656
1.570796326794896558
1.585796326794896682
1.600796326794896807
1.615796326794896709
1.630796326794896611
1.645796326794896736
1.660796326794896638
1.675796326794896762
1.690796326794896665
1.705796326794896789
1.720796326794896691
1.735796326794896594
1.750796326794896718
1.765796326794896842
